5.209741026726426
2.6855819570970296
5.216611426043826
2.6873830548905575
5.208111776681025
2.665727712595378
5.209213469857201
2.6647333908053374
5.67817422947536
5.243950757068376
6.102220955164958
4.304317403633468
5.756497112964175
5.189538437870351
6.0737039980851515
4.304833945049468
5.734387977108608
5.009664427392698
6.066260089512051
4.299308798405144
5.73600754382514
4.869047438750874
6.24356581061312
4.028509357582424
8.464741730693072
8.346579243855526
8.299268382643342
6.871878399363377
8.937353881839474
7.559503671732385
8.22860271361773
7.113900423861307
6.131598823801009
5.052092440799463
6.0294242414536345
4.198401982507522
5.7307054512594675
5.027510977009052
6.037422617149412
4.2477183096967615
8.747287586474052
5.390804412778185
8.579106057450872
7.838033738909033
10
5.920760124972269
9.440199955998255
8.604137421661271
8.708428468356315
5.584089447072581
6.126310377249595
4.31952611163039
7.901515297403497
5.470529311191808
8.685390835978573
8.566518785075555
8.780833568933318
5.937555141365275
4.380294222204263
0.874990179666988